## Camera parameter of typhhon_h480
fx: 205.46963709898583
fy: 205.46963709898583
x0: 320.5
y0: 180.5

## Distortion parameters
k1: 0.0
k2: 0.0
p1: 0.0
p2: 0.0
k3: 0.0

kcf_tracker_h: 1.7